# 深蓝学院-SLAM第6课作业-yvonshong



# LK 光流

## 光流文献综述


##  forward-addtive Gauss-Newton 光流的实现



## 反向法



## 推广至金字塔



## 讨论


# 直接法


## 单层直接法


## 多层直接法

## 延伸讨论

# 使用光流计算视差


```

T10 = 
   0.999991  0.00242537  0.00337047 -0.00175972
-0.00243275    0.999995  0.00218665   0.0027037
-0.00336515 -0.00219483    0.999992   -0.725112
          0           0           0           1


T20 = 
   0.999973   0.0013812  0.00728271  0.00751169
-0.00140943    0.999992  0.00387181 -0.00105846
 -0.0072773 -0.00388197    0.999966    -1.47007
          0           0           0           1

T30 = 
   0.999937  0.00160735   0.0111135  0.00656047
 -0.0016638    0.999986  0.00507202  0.00422866
 -0.0111052 -0.00509019    0.999925    -2.20817
          0           0           0           1

T40 = 
    0.999872  0.000306235    0.0159716   0.00239527
-0.000397274     0.999984   0.00569717   0.00433555
  -0.0159696  -0.00570279     0.999856     -2.98799
           0            0            0            1

T50 = 
    0.999742  0.000358353    0.0227213    -0.249619
-0.000476198     0.999986   0.00518134    0.0348917
  -0.0227192  -0.00519083     0.999728     -3.45315
           0            0            0            1




```






